[school1.jpg]
filters=Lomo=1,61.403507,0.000000;
moddate=06c7d4a9c9ccd701
width=5376
height=3024
textactive=0
[school2.jpg]
filters=enhance=1;Lomo=1,68.421051,0.000000;
moddate=7bdc85adc9ccd701
width=5376
height=3024
textactive=0
[school3.jpg]
filters=Lomo=1,69.590645,0.000000;
moddate=9e1fcbb0c9ccd701
width=5376
height=3024
textactive=0
